cn: 7
generation[ 0 ]
[ 22  24 221  21  20  23  24  24  23  19  21  24  23  23  22  23  22  21
  24  24  25  21  22  20  18  20  23  19  22  21  21  24  24  20  23  24
  24  23  22  21]
best_parent_eval[ 0 ]= 18
list of evaluation:
[18 19 19 20 20 20 20 21 21 21 21 21 21 21 22 22 22 22 22 22]
generation[ 1 ]
[20 21 21 19 22 24 25 23 21 25 22 21 20 22 22 25 19 20 25 23 19 21 22 21
 21 21 20 22 22 22 22 18 21 19 22 21 20 20 21 20]
best_parent_eval[ 1 ]= 18
list of evaluation:
[18 19 19 19 19 20 20 20 20 20 20 20 21 21 21 21 21 21 21 21]
generation[ 2 ]
[20 21 24 20 22 24 23 21 20 23 19 19 21 20 24 24 21 20 22 23 19 20 20 19
 20 21 20 21 19 21 21 18 21 20 21 21 19 21 20 20]
best_parent_eval[ 2 ]= 18
list of evaluation:
[18 19 19 19 19 19 19 20 20 20 20 20 20 20 20 20 20 20 20 21]
generation[ 3 ]
[20 20 20 16 21 21 21 22 23 19 22 22 21 19 20 22 24 24 22 21 20 18 21 19
 20 20 20 20 20 20 19 19 20 20 19 20 19 20 19 20]
best_parent_eval[ 3 ]= 16
list of evaluation:
[16 18 19 19 19 19 19 19 19 19 20 20 20 20 20 20 20 20 20 20]
generation[ 4 ]
[21 18 20 20 21 22 19 22 23 17 21 22 19 20 21 21 23 20 20 22 19 20 20 20
 19 20 19 18 19 19 20 20 19 20 16 19 20 19 20 20]
best_parent_eval[ 4 ]= 16
list of evaluation:
[16 17 18 18 19 19 19 19 19 19 19 19 19 19 20 20 20 20 20 20]
generation[ 5 ]
[17 21 19 24 19 21 23 19 20 20 24 22 19 19 22 21 21 25 20 23 17 19 19 19
 19 20 19 18 20 20 19 20 20 19 20 18 16 19 19 19]
best_parent_eval[ 5 ]= 16
list of evaluation:
[16 17 17 18 18 19 19 19 19 19 19 19 19 19 19 19 19 19 19 19]
generation[ 6 ]
[17 20 21 19 21 19 22 18 19 23 18 22 16 19 23 24 22 21 22 20 19 19 19 19
 19 17 18 19 19 18 19 19 19 17 19 19 19 19 16 19]
best_parent_eval[ 6 ]= 16
list of evaluation:
[16 16 17 17 17 18 18 18 18 19 19 19 19 19 19 19 19 19 19 19]
generation[ 7 ]
[20 20 19 19 19 18 19 18 18 18 20 20 22 20 22 21 22 24 24 23 19 19 19 17
 19 18 16 16 18 17 19 19 19 19 18 18 19 17 19 19]
best_parent_eval[ 7 ]= 16
list of evaluation:
[16 16 17 17 17 18 18 18 18 18 18 18 18 19 19 19 19 19 19 19]
generation[ 8 ]
[17 21 24 16 18 23 19 19 21 20 18 18 19 20 22 22 23 22 22 25 17 19 18 19
 18 18 18 18 18 19 18 19 19 19 16 19 16 17 18 17]
best_parent_eval[ 8 ]= 16
list of evaluation:
[16 16 16 17 17 17 17 18 18 18 18 18 18 18 18 18 18 18 19 19]
generation[ 9 ]
[21 21 22 22 17 23 19 20 20 15 19 19 20 21 22 23 24 21 18 21 19 17 18 17
 18 16 18 16 18 18 16 18 18 18 18 17 19 18 17 18]
best_parent_eval[ 9 ]= 15
list of evaluation:
[15 16 16 16 17 17 17 17 17 18 18 18 18 18 18 18 18 18 18 18]
generation[ 10 ]
[20 19 19 20 15 19 21 15 23 19 17 23 19 20 22 18 22 20 24 21 18 16 18 18
 18 17 17 17 18 18 16 16 18 18 18 18 18 17 15 17]
best_parent_eval[ 10 ]= 15
list of evaluation:
[15 15 15 16 16 16 17 17 17 17 17 17 18 18 18 18 18 18 18 18]
generation[ 11 ]
[16 18 18 16 18 23 19 19 16 17 16 19 16 19 23 23 23 24 24 21 16 17 16 15
 18 18 15 18 15 17 18 16 17 17 17 18 18 18 17 18]
best_parent_eval[ 11 ]= 15
list of evaluation:
[15 15 15 16 16 16 16 16 16 16 16 17 17 17 17 17 17 17 18 18]
generation[ 12 ]
[17 15 16 16 18 17 18 20 20 18 19 19 17 17 23 23 21 23 22 19 15 15 16 17
 16 16 18 16 17 17 15 17 16 17 18 17 16 16 16 17]
best_parent_eval[ 12 ]= 15
list of evaluation:
[15 15 15 15 16 16 16 16 16 16 16 16 16 16 17 17 17 17 17 17]
generation[ 13 ]
[14 14 23 18 19 19 17 18 18 19 20 20 16 16 24 22 24 24 24 22 16 16 16 17
 15 16 16 17 17 16 16 15 15 17 17 15 17 16 16 16]
best_parent_eval[ 13 ]= 14
list of evaluation:
[14 14 15 15 15 15 16 16 16 16 16 16 16 16 16 16 16 16 17 17]
generation[ 14 ]
[19 16 16 23 16 15 18 17 17 17 18 17 18 16 23 25 24 21 24 20 16 15 16 16
 16 15 17 14 16 17 16 16 16 15 14 16 16 16 15 16]
best_parent_eval[ 14 ]= 14
list of evaluation:
[14 14 15 15 15 15 15 16 16 16 16 16 16 16 16 16 16 16 16 16]
generation[ 15 ]
[14 18 20 18 15 19 14 14 17 16 19 19 16 16 21 23 21 24 24 18 16 15 16 16
 14 15 16 16 16 14 16 16 16 15 15 16 15 16 16 16]
best_parent_eval[ 15 ]= 14
list of evaluation:
[14 14 14 14 14 15 15 15 15 15 15 16 16 16 16 16 16 16 16 16]
generation[ 16 ]
[13 23 15 20 16 14 16 17 17 16 19 15 15 14 21 23 22 25 21 21 14 15 16 15
 14 14 14 16 16 16 16 15 15 14 16 15 16 16 16 15]
best_parent_eval[ 16 ]= 13
list of evaluation:
[13 14 14 14 14 14 14 14 15 15 15 15 15 15 15 15 15 16 16 16]
generation[ 17 ]
[ 17  15  16  15  15  20  12  23  15  18 213  17  14  13  22  23  23  23
  23  20  14  15  14  15  15  14  13  15  15  15  15  14  16  14  15  16
  14  16  14  15]
best_parent_eval[ 17 ]= 12
list of evaluation:
[12 13 13 14 14 14 14 14 14 14 14 15 15 15 15 15 15 15 15 15]
generation[ 18 ]
[17 16 16 15 18 18 19 16 15 17 20 16 19 15 21 21 23 21 22 24 15 12 15 13
 15 14 14 15 15 14 15 15 15 14 14 15 14 13 14 14]
best_parent_eval[ 18 ]= 12
list of evaluation:
[12 13 13 14 14 14 14 14 14 14 14 15 15 15 15 15 15 15 15 15]
generation[ 19 ]
[23 17 22 17 21 16 20 16 15 16 17 15 17 18 21 23 19 22 20 24 15 14 13 15
 15 14 14 14 13 14 14 15 15 15 15 14 12 15 15 14]
best_parent_eval[ 19 ]= 12
list of evaluation:
[12 13 13 14 14 14 14 14 14 14 14 15 15 15 15 15 15 15 15 15]
generation[ 20 ]
[17 17 15 22 15 22 17 16 18 18 13 18 22 17 23 22 23 22 24 22 14 14 15 14
 14 15 15 15 15 15 14 15 14 14 13 15 14 12 13 15]
best_parent_eval[ 20 ]= 12
list of evaluation:
[12 13 13 13 14 14 14 14 14 14 14 14 15 15 15 15 15 15 15 15]
generation[ 21 ]
[18 18 15 15 14 17 17 16 19 18 13 15 12 15 18 23 24 22 21 22 14 14 14 14
 15 14 15 15 13 15 13 14 12 13 15 14 15 14 15 15]
best_parent_eval[ 21 ]= 12
list of evaluation:
[12 12 13 13 13 13 14 14 14 14 14 14 14 14 14 15 15 15 15 15]
generation[ 22 ]
[13 15 14 15 22 14 15 16 18 16 17 16 16 16 21 25 22 21 22 24 14 14 14 12
 14 13 15 14 13 15 13 14 15 15 13 12 14 14 14 15]
best_parent_eval[ 22 ]= 12
list of evaluation:
[12 12 13 13 13 13 13 14 14 14 14 14 14 14 14 14 14 14 15 15]
generation[ 23 ]
[13 16 16 15 13 15 15 16 14 17 16 15 13 11 23 23 24 24 24 20 13 14 14 15
 12 14 14 13 14 14 13 14 15 14 14 14 13 14 12 13]
best_parent_eval[ 23 ]= 11
list of evaluation:
[11 12 12 13 13 13 13 13 13 13 13 14 14 14 14 14 14 14 14 14]
generation[ 24 ]
[22 24 12 14 16 19 14 23 15 16 15 16 15 14 22 24 22 23 23 20 11 14 14 14
 13 13 13 13 13 13 12 13 14 13 14 12 14 14 14 14]
best_parent_eval[ 24 ]= 11
list of evaluation:
[11 12 12 12 13 13 13 13 13 13 13 13 14 14 14 14 14 14 14 14]
generation[ 25 ]
[15 15 13 14 11 12 12 15 16 12 20 14 16 14 20 24 20 25 22 20 14 14 14 14
 13 13 12 13 12 13 13 13 13 14 14 12 13 14 11 14]
best_parent_eval[ 25 ]= 11
list of evaluation:
[11 11 12 12 12 12 12 12 13 13 13 13 13 13 13 13 13 14 14 14]
generation[ 26 ]
[14 12 23 12 11 21 14 10 13 17 13 12 17 14 24 23 21 23 21 21 12 13 11 13
 13 14 12 13 12 13 12 13 12 13 14 13 12 14 11 13]
best_parent_eval[ 26 ]= 10
list of evaluation:
[10 11 11 11 12 12 12 12 12 12 12 12 12 13 13 13 13 13 13 13]
generation[ 27 ]
[12 16 14 17 12 13 11 16 23 22 16 23 22 12 21 24 20 23 23 20 12 11 13 13
 12 13 12 12 13 13 13 13 10 12 12 12 12 11 12 11]
best_parent_eval[ 27 ]= 10
list of evaluation:
[10 11 11 11 11 12 12 12 12 12 12 12 12 12 12 12 12 13 13 13]
generation[ 28 ]
[15 12 17 12 10 13 16 14 13 15 13 22 13 16 23 20 21 23 23 19 12 12 12 11
 12 12 12 12 11 12 12 11 12 13 10 13 12 12 11 13]
best_parent_eval[ 28 ]= 10
list of evaluation:
[10 10 11 11 11 11 12 12 12 12 12 12 12 12 12 12 12 12 12 12]
generation[ 29 ]
[10 14 19 14 11 10 16 14 21 22  8 15 12 14 21 23 23 24 22 20 11 11 12 12
 12 10 12 12 12 12 12 12 12 12 10 12 12 12 11 11]
best_parent_eval[ 29 ]= 8
list of evaluation:
[ 8 10 10 10 10 11 11 11 11 11 12 12 12 12 12 12 12 12 12 12]
generation[ 30 ]
[14 10 12 11 13 23 11 13 12 15 14 11 18 14 21 23 22 23 22 25 10 11 10 12
 10 12 12  8 12 12 11 11 12 12 12 11 10 12 12 11]
best_parent_eval[ 30 ]= 8
list of evaluation:
[ 8 10 10 10 10 10 11 11 11 11 11 11 11 11 12 12 12 12 12 12]
generation[ 31 ]
[12 16 11 14 12 12 21 15 16 13 13 11 22  8 20 21 23 23 24 22 12 12 10 11
 11 12 12 11 11 10 11 10  8 10 11 10 12 11 12 11]
best_parent_eval[ 31 ]= 8
list of evaluation:
[ 8  8 10 10 10 10 10 11 11 11 11 11 11 11 11 11 11 12 12 12]
generation[ 32 ]
[10 11 14 10  9 11 11 22 13 22 16 13 11 16 24 23 22 23 20 25 11 11 11  8
 11  8 11 11 11 11 12 12 11 10 10 11 10 10 10 12]
best_parent_eval[ 32 ]= 8
list of evaluation:
[ 8  8  9 10 10 10 10 10 10 10 11 11 11 11 11 11 11 11 11 11]
generation[ 33 ]
[ 11  10  13 209  17  13  14  12  11  13  11  13  12  10  24  24  25  24
  21  22  10   8  10  10  11  11  11  11  10   9  11  11   8  10  11  11
  11  10  10  11]
best_parent_eval[ 33 ]= 8
list of evaluation:
[ 8  8  9 10 10 10 10 10 10 10 10 10 11 11 11 11 11 11 11 11]
generation[ 34 ]
[24 10 18 11 11 13  9 12 11 11 15 13 14 13 23 22 25 21 23 19  8 10 10 10
 11 10 10  8 11 11 10 11 11 11 10  9 11 11 10 10]
best_parent_eval[ 34 ]= 8
list of evaluation:
[ 8  8  9  9 10 10 10 10 10 10 10 10 10 10 11 11 11 11 11 11]
generation[ 35 ]
[17 15 10  9 12  8 15 13 13 11 12 13 17 14 23 20 23 23 22 20 10 11  8  9
  9 10 10 11 10  8 10 11 10 10 10 10 11 10 11 11]
best_parent_eval[ 35 ]= 8
list of evaluation:
[ 8  8  8  9  9  9 10 10 10 10 10 10 10 10 10 10 10 11 11 11]
generation[ 36 ]
[13 13 10 14 10 13 13 11 13  9 11 11 13 10 19 24 24 20 24 21 10 10  8 10
  8 10 10 11 10 10 11 10 10  9 11  9 10  9 10  8]
best_parent_eval[ 36 ]= 8
list of evaluation:
[ 8  8  8  9  9  9  9 10 10 10 10 10 10 10 10 10 10 10 10 10]
generation[ 37 ]
[ 8 13 22 12 13 14 11 13 13 14 12 24 11 10 22 21 21 22 17 22  8 10  8 10
 10  9  9 10 10  9 10  9  8 10 10 10 10 10 10 10]
best_parent_eval[ 37 ]= 8
list of evaluation:
[ 8  8  8  8  9  9  9  9 10 10 10 10 10 10 10 10 10 10 10 10]
generation[ 38 ]
[12 13 15 18 11  9 11 11  9 10 12 11 15 10 23 24 25 22 23 19 10 10 10 10
  8 10  9  8 10  8  8 10 10 10  9 10  9 10 10  9]
best_parent_eval[ 38 ]= 8
list of evaluation:
[ 8  8  8  8  9  9  9  9  9  9 10 10 10 10 10 10 10 10 10 10]
generation[ 39 ]
[12 12 12 12  9 10 23 11 13 18  9 10  8 10 22 22 21 23 23 19  9 10 10 10
 10 10 10  9 10 10  8 10  9  8 10  8  8  9  9  9]
best_parent_eval[ 39 ]= 8
list of evaluation:
[ 8  8  8  8  8  9  9  9  9  9  9  9  9 10 10 10 10 10 10 10]
[[8 0 0 0 0 0 0 0 9]
 [0 0 7 8 0 3 4 0 0]
 [0 3 0 0 9 0 0 2 0]
 [0 6 0 0 0 0 0 1 0]
 [0 0 2 0 0 0 7 0 0]
 [0 7 0 0 0 0 0 8 0]
 [0 9 0 0 8 0 0 6 0]
 [0 0 1 7 0 2 5 0 0]
 [7 0 0 0 0 0 0 0 2]]
8