generation[ 0 ]
[20 21 21 22 21 25 21 22 19 19 20 21 19 24 22 24 20 22 23 20 19 20 20 20
 21 22 22 22 22 23 23 23 23 23 23 24 24 24 24 25]
best_parent_eval[ 0 ]= 19
list of evaluation:
[19 19 19 19 20 20 20 20 20 20 20 21 21 21 21 21 21 22 22 22]
generation[ 1 ]
[19 19 21 25 19 19 21 24 20 19 21 22 19 20 23 24 22 23 20 23 19 19 19 19
 20 20 20 20 20 20 20 21 21 21 21 21 21 22 22 22]
best_parent_eval[ 1 ]= 19
list of evaluation:
[19 19 19 19 19 19 19 19 19 19 20 20 20 20 20 20 20 20 20 20]
generation[ 2 ]
[21 18 19 19 21 18 19 19 18 19 19 21 20 20 23 23 23 25 20 24 19 19 19 19
 19 19 19 19 19 19 20 20 20 20 20 20 20 20 20 20]
best_parent_eval[ 2 ]= 18
list of evaluation:
[18 18 18 19 19 19 19 19 19 19 19 19 19 19 19 19 19 19 19 20]
generation[ 3 ]
[19 20 18 20 16 18 19 18 18 18 19 19 19 19 24 25 23 23 22 23 18 18 18 19
 19 19 19 19 19 19 19 19 19 19 19 19 19 19 19 20]
best_parent_eval[ 3 ]= 16
list of evaluation:
[16 18 18 18 18 18 18 18 18 19 19 19 19 19 19 19 19 19 19 19]
generation[ 4 ]
[21 20 16 16 20 20 18 20 21 19 17 22 18 17 23 22 20 21 24 24 16 18 18 18
 18 18 18 18 18 19 19 19 19 19 19 19 19 19 19 19]
best_parent_eval[ 4 ]= 16
list of evaluation:
[16 16 16 17 17 18 18 18 18 18 18 18 18 18 18 19 19 19 19 19]
generation[ 5 ]
[21 18 16 16 22 18 21 17 17 17 15 17 19 16 18 22 24 22 24 24 16 16 16 17
 17 18 18 18 18 18 18 18 18 18 18 19 19 19 19 19]
best_parent_eval[ 5 ]= 15
list of evaluation:
[15 16 16 16 16 16 16 17 17 17 17 17 17 18 18 18 18 18 18 18]
generation[ 6 ]
[18 14 18 15 16 16 17 17 18 18 18 18 17 15 23 22 23 22 23 20 15 16 16 16
 16 16 16 17 17 17 17 17 17 18 18 18 18 18 18 18]
best_parent_eval[ 6 ]= 14
list of evaluation:
[14 15 15 15 16 16 16 16 16 16 16 16 17 17 17 17 17 17 17 17]
generation[ 7 ]
[16 16 22 16 14 16 15 17 17 19 15 15 19 15 20 20 23 23 19 21 14 15 15 15
 16 16 16 16 16 16 16 16 17 17 17 17 17 17 17 17]
best_parent_eval[ 7 ]= 14
list of evaluation:
[14 14 15 15 15 15 15 15 15 16 16 16 16 16 16 16 16 16 16 16]
generation[ 8 ]
[22 14 15 16 21 23 15 19 14 15 15 15 15 15 24 22 23 21 23 23 14 14 15 15
 15 15 15 15 15 16 16 16 16 16 16 16 16 16 16 16]
best_parent_eval[ 8 ]= 14
list of evaluation:
[14 14 14 14 15 15 15 15 15 15 15 15 15 15 15 15 15 15 16 16]
generation[ 9 ]
[17 14 13 15 14 16 14 14 13 15 16 13 15 15 24 25 21 21 21 21 14 14 14 14
 15 15 15 15 15 15 15 15 15 15 15 15 15 15 16 16]
best_parent_eval[ 9 ]= 13
list of evaluation:
[13 13 13 14 14 14 14 14 14 14 14 15 15 15 15 15 15 15 15 15]
generation[ 10 ]
[15 14 13 18 19 14 21 13 14 14 13 23 15 14 21 21 23 23 20 21 13 13 13 14
 14 14 14 14 14 14 14 15 15 15 15 15 15 15 15 15]
best_parent_eval[ 10 ]= 13
list of evaluation:
[13 13 13 13 13 13 14 14 14 14 14 14 14 14 14 14 14 14 14 15]
generation[ 11 ]
[17 17 14 18 13 13 13 15 13 25 23 14 14 14 17 23 22 23 22 22 13 13 13 13
 13 13 14 14 14 14 14 14 14 14 14 14 14 14 14 15]
best_parent_eval[ 11 ]= 13
list of evaluation:
[13 13 13 13 13 13 13 13 13 13 14 14 14 14 14 14 14 14 14 14]
generation[ 12 ]
[13 13 13 13 15 16 12 15 14 17 13 13 13 16 23 25 23 20 23 23 13 13 13 13
 13 13 13 13 13 13 14 14 14 14 14 14 14 14 14 14]
best_parent_eval[ 12 ]= 12
list of evaluation:
[12 13 13 13 13 13 13 13 13 13 13 13 13 13 13 13 13 13 14 14]
generation[ 13 ]
[13 13 13 13 12 13 13 13 12 12 13 13 21 12 20 24 22 22 24 19 12 13 13 13
 13 13 13 13 13 13 13 13 13 13 13 13 13 13 14 14]
best_parent_eval[ 13 ]= 12
list of evaluation:
[12 12 12 12 12 13 13 13 13 13 13 13 13 13 13 13 13 13 13 13]
generation[ 14 ]
[12 20 13 13 12 14 12 12 12 13 11 23 14 13 22 23 23 24 24 21 12 12 12 12
 12 13 13 13 13 13 13 13 13 13 13 13 13 13 13 13]
best_parent_eval[ 14 ]= 11
list of evaluation:
[11 12 12 12 12 12 12 12 12 12 12 13 13 13 13 13 13 13 13 13]
generation[ 15 ]
[211  13  14  12  12  12  12  12  11  12  12  13  23  14  22  23  20  19
  24  21  11  12  12  12  12  12  12  12  12  12  12  13  13  13  13  13
  13  13  13  13]
best_parent_eval[ 15 ]= 11
list of evaluation:
[11 11 12 12 12 12 12 12 12 12 12 12 12 12 12 12 12 12 12 13]
generation[ 16 ]
[11 11 12 23 12 12 16 14 12 13 13 11 11 11 22 24 22 25 22 21 11 11 12 12
 12 12 12 12 12 12 12 12 12 12 12 12 12 12 12 13]
best_parent_eval[ 16 ]= 11
list of evaluation:
[11 11 11 11 11 11 11 12 12 12 12 12 12 12 12 12 12 12 12 12]
generation[ 17 ]
[11 10 11 11 22 14 11 11 11 11 11 11 11 11 21 23 25 22 19 22 11 11 11 11
 11 11 11 12 12 12 12 12 12 12 12 12 12 12 12 12]
best_parent_eval[ 17 ]= 10
list of evaluation:
[10 11 11 11 11 11 11 11 11 11 11 11 11 11 11 11 11 11 11 12]
generation[ 18 ]
[10 10 11 11 11 11 10 11 11 11 10 13 14 11 23 24 24 23 24 21 10 11 11 11
 11 11 11 11 11 11 11 11 11 11 11 11 11 11 11 12]
best_parent_eval[ 18 ]= 10
list of evaluation:
[10 10 10 10 10 11 11 11 11 11 11 11 11 11 11 11 11 11 11 11]
generation[ 19 ]
[10 10 10 10 10 10 10 10 10 10 10 10 10 10 22 23 24 22 23 19 10 10 10 10
 10 11 11 11 11 11 11 11 11 11 11 11 11 11 11 11]
best_parent_eval[ 19 ]= 10
list of evaluation:
[10 10 10 10 10 10 10 10 10 10 10 10 10 10 10 10 10 10 10 11]
generation[ 20 ]
[10 10 10 10 10 10 10 10 10 10 10 10 10 10 23 25 24 24 22 22 10 10 10 10
 10 10 10 10 10 10 10 10 10 10 10 10 10 10 10 11]
best_parent_eval[ 20 ]= 10
list of evaluation:
[10 10 10 10 10 10 10 10 10 10 10 10 10 10 10 10 10 10 10 10]
generation[ 21 ]
[10 10 10 10 10 10 10 10 10 10 10 10 10 10 21 22 22 22 21 22 10 10 10 10
 10 10 10 10 10 10 10 10 10 10 10 10 10 10 10 10]
best_parent_eval[ 21 ]= 10
list of evaluation:
[10 10 10 10 10 10 10 10 10 10 10 10 10 10 10 10 10 10 10 10]
generation[ 22 ]
[10 10 10 10 10 10 10 10 10 10 10 10 10 10 23 22 24 20 23 24 10 10 10 10
 10 10 10 10 10 10 10 10 10 10 10 10 10 10 10 10]
best_parent_eval[ 22 ]= 10
list of evaluation:
[10 10 10 10 10 10 10 10 10 10 10 10 10 10 10 10 10 10 10 10]
generation[ 23 ]
[10 10 10 10 10 10 10 10 10 10 10 10 10 10 23 23 24 23 23 25 10 10 10 10
 10 10 10 10 10 10 10 10 10 10 10 10 10 10 10 10]
best_parent_eval[ 23 ]= 10
list of evaluation:
[10 10 10 10 10 10 10 10 10 10 10 10 10 10 10 10 10 10 10 10]
generation[ 24 ]
[10 10 10 10 10 10 10 10 10 10 10 10 10 10 24 23 22 24 25 22 10 10 10 10
 10 10 10 10 10 10 10 10 10 10 10 10 10 10 10 10]
best_parent_eval[ 24 ]= 10
list of evaluation:
[10 10 10 10 10 10 10 10 10 10 10 10 10 10 10 10 10 10 10 10]
generation[ 25 ]
[10 10 10 10 10 10 10 10 10 10 10 10 10 10 24 23 21 24 21 23 10 10 10 10
 10 10 10 10 10 10 10 10 10 10 10 10 10 10 10 10]
best_parent_eval[ 25 ]= 10
list of evaluation:
[10 10 10 10 10 10 10 10 10 10 10 10 10 10 10 10 10 10 10 10]
generation[ 26 ]
[10 10 10 10 10 10 10 10 10 10 10 10 10 10 20 23 22 20 20 22 10 10 10 10
 10 10 10 10 10 10 10 10 10 10 10 10 10 10 10 10]
best_parent_eval[ 26 ]= 10
list of evaluation:
[10 10 10 10 10 10 10 10 10 10 10 10 10 10 10 10 10 10 10 10]
generation[ 27 ]
[10 10 10 10 10 10 10 10 10 10 10 10 10 10 23 24 22 19 23 23 10 10 10 10
 10 10 10 10 10 10 10 10 10 10 10 10 10 10 10 10]
best_parent_eval[ 27 ]= 10
list of evaluation:
[10 10 10 10 10 10 10 10 10 10 10 10 10 10 10 10 10 10 10 10]
generation[ 28 ]
[10 10 10 10 10 10 10 10 10 10 10 10 10 10 25 24 24 20 25 24 10 10 10 10
 10 10 10 10 10 10 10 10 10 10 10 10 10 10 10 10]
best_parent_eval[ 28 ]= 10
list of evaluation:
[10 10 10 10 10 10 10 10 10 10 10 10 10 10 10 10 10 10 10 10]
generation[ 29 ]
[10 10 10 10 10 10 10 10 10 10 10 10 10 10 25 23 22 19 22 25 10 10 10 10
 10 10 10 10 10 10 10 10 10 10 10 10 10 10 10 10]
best_parent_eval[ 29 ]= 10
list of evaluation:
[10 10 10 10 10 10 10 10 10 10 10 10 10 10 10 10 10 10 10 10]
generation[ 30 ]
[10 10 10 10 10 10 10 10 10 10 10 10 10 10 23 23 21 24 22 24 10 10 10 10
 10 10 10 10 10 10 10 10 10 10 10 10 10 10 10 10]
best_parent_eval[ 30 ]= 10
list of evaluation:
[10 10 10 10 10 10 10 10 10 10 10 10 10 10 10 10 10 10 10 10]
generation[ 31 ]
[10 10 10 10 10 10 10 10 10 10 10 10 10 10 23 22 24 24 21 23 10 10 10 10
 10 10 10 10 10 10 10 10 10 10 10 10 10 10 10 10]
best_parent_eval[ 31 ]= 10
list of evaluation:
[10 10 10 10 10 10 10 10 10 10 10 10 10 10 10 10 10 10 10 10]
generation[ 32 ]
[10 10 10 10 10 10 10 10 10 10 10 10 10 10 21 22 21 25 24 19 10 10 10 10
 10 10 10 10 10 10 10 10 10 10 10 10 10 10 10 10]
best_parent_eval[ 32 ]= 10
list of evaluation:
[10 10 10 10 10 10 10 10 10 10 10 10 10 10 10 10 10 10 10 10]
generation[ 33 ]
[ 10  10  10  10  10  10  10  10  10  10  10  10  10  10  23 223  23  22
  23  21  10  10  10  10  10  10  10  10  10  10  10  10  10  10  10  10
  10  10  10  10]
best_parent_eval[ 33 ]= 10
list of evaluation:
[10 10 10 10 10 10 10 10 10 10 10 10 10 10 10 10 10 10 10 10]
generation[ 34 ]
[10 10 10 10 10 10 10 10 10 10 10 10 10 10 21 23 23 22 25 24 10 10 10 10
 10 10 10 10 10 10 10 10 10 10 10 10 10 10 10 10]
best_parent_eval[ 34 ]= 10
list of evaluation:
[10 10 10 10 10 10 10 10 10 10 10 10 10 10 10 10 10 10 10 10]
generation[ 35 ]
[10 10 10 10 10 10 10 10 10 10 10 10 10 10 23 21 24 23 22 23 10 10 10 10
 10 10 10 10 10 10 10 10 10 10 10 10 10 10 10 10]
best_parent_eval[ 35 ]= 10
list of evaluation:
[10 10 10 10 10 10 10 10 10 10 10 10 10 10 10 10 10 10 10 10]
generation[ 36 ]
[10 10 10 10 10 10 10 10 10 10 10 10 10 10 22 21 22 21 22 22 10 10 10 10
 10 10 10 10 10 10 10 10 10 10 10 10 10 10 10 10]
best_parent_eval[ 36 ]= 10
list of evaluation:
[10 10 10 10 10 10 10 10 10 10 10 10 10 10 10 10 10 10 10 10]
generation[ 37 ]
[10 10 10 10 10 10 10 10 10 10 10 10 10 10 25 23 22 22 22 22 10 10 10 10
 10 10 10 10 10 10 10 10 10 10 10 10 10 10 10 10]
best_parent_eval[ 37 ]= 10
list of evaluation:
[10 10 10 10 10 10 10 10 10 10 10 10 10 10 10 10 10 10 10 10]
generation[ 38 ]
[10 10 10 10 10 10 10 10 10 10 10 10 10 10 22 20 24 22 24 18 10 10 10 10
 10 10 10 10 10 10 10 10 10 10 10 10 10 10 10 10]
best_parent_eval[ 38 ]= 10
list of evaluation:
[10 10 10 10 10 10 10 10 10 10 10 10 10 10 10 10 10 10 10 10]
generation[ 39 ]
[10 10 10 10 10 10 10 10 10 10 10 10 10 10 24 18 23 22 25 23 10 10 10 10
 10 10 10 10 10 10 10 10 10 10 10 10 10 10 10 10]
best_parent_eval[ 39 ]= 10
list of evaluation:
[10 10 10 10 10 10 10 10 10 10 10 10 10 10 10 10 10 10 10 10]
[[2 0 0 0 0 0 0 0 9]
 [0 0 6 5 0 7 4 0 0]
 [0 7 0 0 6 0 0 3 0]
 [0 5 0 0 0 0 0 1 0]
 [0 0 2 0 0 0 7 0 0]
 [0 9 0 0 0 0 0 8 0]
 [0 2 0 0 8 0 0 6 0]
 [0 0 1 6 0 2 5 0 0]
 [6 0 0 0 0 0 0 0 3]]
10